668
685
948
836
270
560
255
861
782
319
657
793
50
370
338
780
409
161
440
381
327
394
130
145
148
160
812
938
331
143
348
815
760
990
413
848
76
644
651
956
641
716
502
247
237
963
926
174
467
528
232
615
809
632
112
655
699
967
135
72
691
244
827
736
788
682
945
213
641
966
825
323
834
176
443
394
792
325
143
600
342
115
376
40
144
749
352
600
206
487
38
553
732
472
690
878
345
599
169
315
792
251
481
359
869
806
601
278
875
795
380
157
437
366
923
278
101
967
823
478
49
384
719
255
597
957
861
76
714
573
180
936
89
404
518
941
56
169
311
781
998
142
824
773
961
4
347
824
32
23
988
976
759
887
460
767
924
986
388
282
101
422
150
703
532
986
636
536
168
334
191
983
371
41
210
785
693
907
402
135
889
426
320
857
52
259
117
72
166
540
228
610
936
931
485
295
720
942
622
202
797
426
337
403
573
115
36
699
805
292
409
757
635
594
239
125
297
973
478
679
86
26
634
725
453
258
335
633
442
22
126
813
987
190
866
961
560
627
116
23
861
436
942
21
342
42
443
650
323
73
845
724
643
39
350
28
993
702
348
812
777
816
52
5
478
58
90
906
691
361
252
239
127
970
626
853
379
375
860
472
235
381
906
479
261
100
528
491
614
521
746
442
650
514
978
409
515
566
561
332
513
303
535
191
684
904
731
598
539
768
548
278
790
442
780
86
894
487
221
485
14
609
261
278
675
665
261
124
350
545
454
350
146
457
323
714
99
620
243
77
275
700
21
759
712
530
207
974
217
427
847
988
958
887
37
806
513
908
308
287
190
962
401
331
902
906
431
978
442
606
165
754
61
970
606
693
975
383
321
514
246
512
907
934
283
627
295
101
62
221
881
253
477
268
613
169
819
843
281
277
626
896
914
385
524
841
559
909
131
243
555
952
665
334
826
974
991
555
711
125
730
102
235
727
350
206
217
178
313
605
688
21
962
565
493
682
511
557
845
503
247
781
576
704
497
551
911
258
896
578
872
462
925
859
393
338
839
865
238
835
755
473
932
743
346
350
779
548
416
689
264
835
873
851
214
672
764
624
778
474
599
482
512
393
988
199
480
667
224
246
966
831
400
817
187
331
108
208
198
443
902
106
374
392
380
666
372
420
269
40
921
761
817
442
620
832
820
482
830
349
143
218
904
168
797
696
169
355
338
580
810
464
200
437
454
409
436
788
86
78
997
598
591
21
419
754
996
927
573
431
791
936
170
652
993
382
255
263
197
383
218
125
660
220
519
837
217
784
514
185
68
696
786
424
404
250
989
576
521
684
930
873
994
471
922
8
461
552
774
555
857
215
359
79
96
617
535
26
870
461
819
133
19
209
916
227
290
483
905
1
183
26
342
173
360
30
690
945
676
125
762
395
159
294
484
768
364
585
677
259
781
950
478
363
625
262
854
251
393
892
182
734
458
820
92
214
520
796
881
887
607
564
738
579
117
610
202
698
976
898
675
679
835
939
444
973
290
563
101
231
552
449
974
222
742
916
95
365
364
786
846
230
964
333
835
845
30
579
847
436
789
896
652
602
192
679
995
202
78
515
430
345
885
834
255
915
14
989
653
5
653
430
221
673
189
289
987
182
515
876
408
170
756
933
936
73
957
145
326
916
566
393
336
767
498
774
317
126
640
984
415
810
263
667
743
768
265
92
814
252
537
731
997
702
505
676
738
914
753
624
724
685
234
771
21
587
398
715
594
406
101
85
48
899
931
485
423
373
215
624
699
519
588
323
353
360
423
387
475
788
172
349
50
561
877
568
242
389
63
834
773
694
505
378
353
200
862
673
878
366
172
989
301
669
852
721
584
705
995
188
87
554
511
621
640
563
371
565
175
913
302
2
90
539
765
406
346
411
912
857
130
865
373
676
825
670
724
486
955
957
909
566
247
617
458
820
701
865
476
665
425
511
788
819
833
820
57
733
167
524
991
378
332
735
368
664
983
159
924
217
970
392
380
770
673
844
250
361
666
425
920
277
690
834
199
935
322
6
695
665
432
398
752
52
23
421
946
384
505
596
368
624
339
780
14
729
965
263
859
286
570
569
843
904
748
401
34
182
928
76
845
522
588
843
524
272
631
147
966
347
935
159
728
18
118
940
94
722
353
132
375
555
688
407
880
602
901
337
137
661
617
87
895
287
901
273
897
208
8
50
818
576
342
613
163
294
268
9
717
619
392
756
376
246
640
195
168
399
691
143
884
600
465
568
658
138
408
613
793
531